996
955 236
132 107
178 104
394 378
773 29
159 117
928 443
250 146
730 468
601 278
535 449
293 109
239 87
559 168
601 435
199 41
297 50
407 143
107 33
227 39
674 86
153 134
302 53
823 436
532 125
149 86
140 133
887 166
646 496
481 208
308 190
467 452
411 130
835 88
412 192
174 123
848 390
435 169
286 50
906 806
203 148
145 64
604 358
217 175
983 977
979 290
748 134
974 260
773 681
563 130
136 25
591 397
174 6
552 32
985 66
118 117
627 308
117 8
138 90
843 451
725 59
787 334
825 22
516 362
148 30
663 632
555 108
676 555
301 118
122 71
365 261
253 212
300 212
134 29
560 275
784 631
401 364
148 132
333 196
502 356
850 580
759 689
719 390
245 159
421 186
224 161
132 46
299 57
600 223
140 26
634 192
942 258
131 57
763 188
156 4
780 376
928 619
150 123
164 152
866 159
676 223
840 649
220 185
199 67
712 704
401 240
291 259
291 274
449 107
392 234
130 51
142 10
660 530
159 2
198 85
882 380
155 33
214 86
686 476
430 127
841 24
339 11
982 684
425 125
279 137
294 9
423 379
860 723
425 339
426 353
218 145
859 302
873 867
815 192
469 374
110 16
993 703
212 211
139 70
624 318
151 34
343 182
779 401
941 720
663 301
841 348
562 186
599 162
737 525
162 64
456 301
184 160
127 15
769 62
702 114
397 63
945 263
865 256
197 164
198 149
307 260
762 541
519 177
410 388
234 172
449 8
179 157
582 257
913 363
116 112
116 50
276 250
381 199
655 225
225 5
424 141
247 97
118 24
156 52
614 327
614 327
160 38
884 855
336 201
127 76
785 635
529 52
417 27
934 502
157 128
670 172
412 108
239 173
457 100
879 588
117 90
974 331
195 62
188 125
773 510
843 531
661 204
169 14
253 78
990 39
731 715
523 328
260 53
979 401
393 108
266 161
348 2
824 135
466 325
117 9
385 47
285 41
541 106
175 125
223 48
877 853
711 274
434 189
157 42
785 305
515 61
260 220
961 406
102 59
774 154
555 374
103 88
915 722
415 40
117 32
146 123
338 49
871 108
167 127
140 106
226 109
693 637
519 286
431 300
174 49
101 41
306 23
397 126
144 17
547 334
768 204
983 753
520 87
281 237
671 269
544 129
306 179
757 724
493 285
700 596
189 103
291 58
331 284
347 304
992 856
944 487
725 325
163 140
288 216
885 57
913 42
401 154
160 18
575 193
772 595
123 100
562 132
523 69
381 68
512 109
440 209
479 423
818 572
917 26
681 435
645 419
312 241
526 446
201 155
738 440
127 64
794 395
438 373
761 278
139 82
568 527
735 454
527 428
318 311
739 377
179 98
951 88
451 182
858 154
124 77
180 107
472 458
899 254
527 476
553 335
149 78
982 666
359 249
191 13
667 237
449 439
139 33
528 183
827 107
112 91
298 213
278 262
729 96
271 75
894 540
683 664
824 417
231 98
206 25
178 89
605 112
486 121
475 192
753 89
898 820
450 218
711 371
684 251
134 5
674 127
164 123
754 108
410 398
163 53
631 33
440 170
658 600
184 3
479 357
346 287
559 261
576 214
214 55
952 426
844 288
938 366
743 547
360 310
355 84
195 29
631 488
700 15
565 28
641 600
797 717
551 92
628 64
400 213
321 194
228 191
132 24
520 92
132 126
152 31
906 219
272 165
410 385
865 190
341 239
933 900
387 264
743 350
929 216
686 94
227 168
554 168
168 74
778 302
706 39
328 138
792 432
372 2
589 477
436 241
419 346
184 105
946 214
769 267
745 411
108 82
506 228
203 191
104 81
391 44
343 196
824 775
253 175
912 214
911 274
924 458
250 143
875 494
966 336
698 249
370 128
578 20
517 89
625 67
180 62
561 97
113 70
837 61
390 99
970 687
584 284
476 198
819 284
106 44
966 889
375 239
635 118
174 96
340 185
127 67
859 784
865 811
334 266
698 438
339 330
281 234
826 275
968 774
750 87
277 2
237 209
750 266
196 56
590 179
524 384
240 24
918 155
666 256
470 383
106 73
908 536
147 116
595 482
744 100
178 28
699 128
189 53
872 349
988 575
989 970
123 28
924 222
422 136
347 131
648 293
476 386
777 380
633 129
445 53
202 63
188 75
225 147
961 896
123 122
187 178
838 650
607 306
244 99
191 55
634 349
787 599
303 221
862 543
426 162
908 173
559 525
707 406
130 61
548 533
459 155
435 378
653 279
114 9
131 7
393 347
162 45
844 813
562 522
731 328
630 612
487 434
398 304
157 89
583 329
947 566
979 594
190 27
359 198
969 231
468 422
413 76
998 80
443 153
635 282
843 744
560 349
272 150
905 714
176 126
323 147
291 124
799 665
488 392
953 409
533 365
680 259
815 556
598 209
411 258
755 72
422 244
845 687
846 21
272 29
693 537
881 236
154 35
197 3
151 55
663 346
685 252
603 287
114 29
884 391
110 8
107 54
159 101
669 517
842 109
568 332
503 51
114 7
605 35
387 246
387 130
167 47
486 307
538 345
177 176
732 309
771 221
146 30
264 3
114 79
818 633
215 133
191 151
180 170
936 814
396 7
311 3
737 210
512 440
296 25
723 356
353 171
610 316
383 2
132 61
457 210
752 678
766 301
168 53
793 753
487 199
422 41
370 306
857 435
362 31
462 384
727 648
963 812
103 6
336 183
188 91
136 16
137 9
343 257
138 119
683 570
706 55
877 700
175 102
280 2
976 794
613 473
189 119
376 26
497 69
976 899
890 197
925 388
165 22
142 109
626 2
316 127
101 29
473 361
779 540
693 174
566 44
182 8
829 191
261 98
670 529
603 190
128 60
663 176
717 438
439 139
666 98
664 337
166 16
738 411
287 75
773 523
547 523
996 621
524 12
406 30
999 737
841 91
600 323
799 499
376 61
268 148
358 162
838 565
178 39
149 38
164 76
933 309
636 134
977 482
943 556
325 148
571 125
876 501
530 490
192 70
724 604
212 37
586 466
300 148
179 120
116 114
934 786
509 15
120 92
670 617
575 435
747 645
949 890
179 77
959 77
904 291
867 14
722 370
170 112
151 114
654 274
521 228
679 341
714 13
487 399
436 233
659 533
284 136
618 19
503 433
876 231
391 104
234 24
871 387
373 31
596 512
867 79
654 323
711 184
261 142
273 95
874 131
140 100
123 30
527 198
740 573
688 389
119 87
881 612
594 85
984 692
110 18
839 78
584 169
152 118
149 140
426 232
402 136
752 538
729 577
355 225
871 498
652 651
362 158
417 235
474 11
292 103
409 257
256 53
780 204
160 141
795 352
326 177
173 2
125 121
798 548
567 492
788 637
176 145
645 181
971 141
309 181
605 83
177 131
576 424
522 134
455 449
134 18
244 201
173 5
149 68
876 225
671 650
360 38
876 453
465 77
123 87
594 432
552 34
617 330
650 144
760 145
291 75
150 71
804 90
561 187
917 646
960 333
601 108
809 17
478 83
135 41
181 29
823 377
270 164
302 147
845 613
864 290
565 194
290 5
956 896
344 211
155 102
406 71
352 151
378 281
317 268
759 17
259 184
570 226
326 39
797 604
446 352
367 94
842 725
827 548
116 91
758 297
545 141
180 168
885 533
940 810
735 150
775 294
855 666
854 749
872 735
787 748
228 164
608 197
114 11
645 84
233 150
723 64
532 293
626 603
778 180
392 291
151 79
827 303
192 6
152 34
319 44
717 309
863 675
217 7
126 36
538 514
729 428
903 501
199 115
153 68
959 327
939 461
754 538
906 153
842 326
113 32
851 282
507 464
944 898
759 743
600 2
987 465
521 474
663 521
494 171
441 240
227 101
451 281
522 410
870 749
272 35
471 15
529 493
393 52
969 919
945 423
663 78
457 259
196 87
105 89
869 829
105 71
178 133
185 112
140 104
651 43
253 171
930 489
814 759
534 374
386 376
983 896
538 495
150 22
974 826
728 554
899 795
702 465
212 15
113 17
828 290
632 494
100 17
524 137
586 116
225 56
545 364
267 168
606 363
285 260
223 145
149 21
720 415
682 598
937 274
743 511
751 650
223 184
247 118
459 125
479 374
117 5
814 341
961 274
620 74
145 56
588 379
634 268
612 501
987 697
286 116
596 467
756 67
273 145
103 100
918 596
517 218
954 837
248 200
829 711
423 166
581 124
887 415
601 378
531 8
645 387
829 569
561 306
945 897
467 450
577 282
708 473
996 576
669 314
777 62
672 616
614 39
426 277
522 46
577 254
133 76
938 697
124 89
312 151
352 37
747 469
736 401
504 181
134 51
962 936
408 281
188 170
471 470
877 746
516 485
740 362
704 157
411 114
765 307
789 3
467 382
319 26
344 105
804 305
108 26
122 8
928 658
197 7
109 85
347 316
129 3
200 164
616 405
145 141
565 304
100 17
169 56
294 152
934 95
954 441
776 191
190 41
768 388
960 768
885 102
890 885
416 259
341 52
104 46
376 185

# 235
# 106
# 103
# 377
# 28
# 116
# 442
# 145
# 467
# 277
# 448
# 108
# 86
# 167
# 434
# 40
# 49
# 142
# 32
# 38
# 85
# 133
# 52
# 435
# 124
# 85
# 132
# 165
# 495
# 207
# 189
# 451
# 129
# 87
# 191
# 122
# 389
# 168
# 49
# 805
# 147
# 63
# 357
# 174
# 976
# 289
# 133
# 259
# 680
# 129
# 24
# 396
# 5
# 31
# 65
# 116
# 307
# 7
# 89
# 450
# 58
# 333
# 21
# 361
# 29
# 631
# 107
# 554
# 117
# 70
# 260
# 211
# 211
# 28
# 274
# 630
# 363
# 131
# 195
# 355
# 579
# 688
# 389
# 158
# 185
# 160
# 45
# 56
# 222
# 25
# 191
# 257
# 56
# 187
# 3
# 375
# 618
# 122
# 151
# 158
# 222
# 648
# 184
# 66
# 702
# 239
# 258
# 273
# 106
# 233
# 50
# 9
# 529
# 1
# 84
# 379
# 32
# 85
# 475
# 126
# 23
# 10
# 683
# 124
# 136
# 8
# 378
# 722
# 338
# 352
# 144
# 301
# 866
# 191
# 373
# 15
# 702
# 210
# 69
# 317
# 33
# 181
# 400
# 719
# 300
# 347
# 185
# 161
# 524
# 63
# 300
# 158
# 14
# 61
# 113
# 62
# 262
# 255
# 163
# 148
# 259
# 540
# 176
# 387
# 171
# 7
# 156
# 256
# 362
# 110
# 49
# 249
# 198
# 224
# 4
# 140
# 96
# 23
# 51
# 326
# 326
# 37
# 854
# 200
# 75
# 634
# 51
# 26
# 501
# 126
# 171
# 107
# 172
# 99
# 587
# 89
# 330
# 61
# 124
# 509
# 530
# 203
# 13
# 77
# 38
# 714
# 327
# 52
# 400
# 107
# 160
# 1
# 134
# 324
# 8
# 46
# 40
# 105
# 124
# 47
# 852
# 273
# 188
# 41
# 304
# 60
# 219
# 405
# 58
# 153
# 373
# 87
# 721
# 39
# 31
# 122
# 48
# 107
# 126
# 105
# 108
# 636
# 285
# 299
# 48
# 40
# 22
# 125
# 16
# 333
# 203
# 752
# 86
# 236
# 268
# 128
# 178
# 723
# 284
# 595
# 102
# 57
# 283
# 303
# 855
# 486
# 324
# 139
# 215
# 56
# 41
# 153
# 17
# 192
# 594
# 99
# 131
# 68
# 67
# 108
# 208
# 422
# 571
# 25
# 434
# 418
# 240
# 445
# 154
# 439
# 63
# 394
# 372
# 277
# 81
# 526
# 453
# 427
# 310
# 376
# 97
# 87
# 181
# 153
# 76
# 106
# 457
# 253
# 475
# 334
# 77
# 665
# 248
# 12
# 236
# 438
# 32
# 182
# 106
# 90
# 212
# 261
# 95
# 74
# 539
# 663
# 416
# 97
# 24
# 88
# 111
# 120
# 191
# 88
# 819
# 217
# 370
# 250
# 4
# 126
# 122
# 107
# 397
# 52
# 32
# 169
# 599
# 2
# 356
# 286
# 260
# 213
# 54
# 425
# 287
# 365
# 546
# 309
# 83
# 28
# 487
# 14
# 27
# 599
# 716
# 91
# 63
# 212
# 193
# 190
# 23
# 91
# 125
# 30
# 218
# 164
# 384
# 189
# 238
# 899
# 263
# 349
# 215
# 93
# 167
# 167
# 73
# 301
# 38
# 137
# 431
# 1
# 476
# 240
# 345
# 104
# 213
# 266
# 410
# 81
# 227
# 190
# 80
# 43
# 195
# 774
# 174
# 213
# 273
# 457
# 142
# 493
# 335
# 248
# 127
# 19
# 88
# 66
# 61
# 96
# 69
# 60
# 98
# 686
# 283
# 197
# 283
# 43
# 888
# 238
# 117
# 95
# 184
# 66
# 783
# 810
# 265
# 437
# 329
# 233
# 274
# 773
# 86
# 1
# 208
# 265
# 55
# 178
# 383
# 23
# 154
# 255
# 382
# 72
# 535
# 115
# 481
# 99
# 27
# 127
# 52
# 348
# 574
# 969
# 27
# 221
# 135
# 130
# 292
# 385
# 379
# 128
# 52
# 62
# 74
# 146
# 894
# 121
# 177
# 649
# 305
# 98
# 54
# 348
# 598
# 220
# 542
# 161
# 172
# 524
# 405
# 60
# 532
# 154
# 377
# 278
# 8
# 6
# 346
# 44
# 812
# 521
# 327
# 611
# 433
# 303
# 88
# 328
# 565
# 593
# 26
# 197
# 230
# 421
# 75
# 79
# 152
# 281
# 743
# 348
# 149
# 713
# 125
# 146
# 123
# 664
# 391
# 408
# 364
# 258
# 555
# 208
# 257
# 71
# 243
# 686
# 20
# 28
# 536
# 235
# 34
# 2
# 54
# 345
# 251
# 286
# 28
# 390
# 7
# 53
# 100
# 516
# 108
# 331
# 50
# 6
# 34
# 245
# 129
# 46
# 306
# 344
# 174
# 308
# 220
# 29
# 2
# 78
# 632
# 132
# 150
# 169
# 813
# 6
# 2
# 209
# 439
# 24
# 355
# 170
# 315
# 1
# 60
# 209
# 677
# 300
# 52
# 752
# 198
# 40
# 305
# 434
# 30
# 382
# 647
# 811
# 5
# 182
# 90
# 15
# 8
# 256
# 118
# 569
# 54
# 699
# 101
# 1
# 793
# 472
# 118
# 25
# 68
# 898
# 196
# 387
# 21
# 108
# 1
# 126
# 28
# 360
# 539
# 173
# 43
# 7
# 190
# 97
# 528
# 189
# 59
# 175
# 437
# 138
# 97
# 336
# 15
# 410
# 74
# 522
# 522
# 620
# 11
# 29
# 736
# 90
# 322
# 498
# 60
# 147
# 161
# 564
# 38
# 37
# 75
# 308
# 133
# 481
# 555
# 147
# 124
# 500
# 489
# 69
# 603
# 36
# 465
# 147
# 119
# 113
# 785
# 14
# 91
# 616
# 434
# 644
# 889
# 76
# 76
# 290
# 13
# 369
# 111
# 113
# 273
# 227
# 340
# 12
# 398
# 232
# 532
# 135
# 18
# 432
# 230
# 103
# 23
# 386
# 30
# 510
# 78
# 322
# 183
# 141
# 94
# 130
# 99
# 29
# 197
# 572
# 388
# 86
# 611
# 84
# 691
# 17
# 77
# 168
# 117
# 139
# 231
# 135
# 537
# 576
# 224
# 497
# 650
# 157
# 234
# 10
# 102
# 256
# 52
# 203
# 140
# 351
# 176
# 1
# 120
# 547
# 491
# 636
# 144
# 180
# 140
# 180
# 82
# 130
# 423
# 133
# 448
# 17
# 200
# 4
# 67
# 224
# 649
# 37
# 452
# 76
# 86
# 431
# 33
# 329
# 143
# 144
# 74
# 70
# 89
# 186
# 645
# 332
# 107
# 16
# 82
# 40
# 28
# 376
# 163
# 146
# 612
# 289
# 193
# 4
# 894
# 210
# 101
# 70
# 150
# 280
# 267
# 16
# 183
# 225
# 38
# 603
# 351
# 93
# 724
# 547
# 90
# 296
# 140
# 167
# 532
# 809
# 149
# 293
# 665
# 748
# 734
# 747
# 163
# 196
# 10
# 83
# 149
# 63
# 292
# 602
# 179
# 290
# 78
# 302
# 5
# 33
# 43
# 308
# 674
# 6
# 35
# 513
# 427
# 500
# 114
# 67
# 326
# 460
# 537
# 152
# 325
# 31
# 281
# 463
# 897
# 742
# 1
# 464
# 473
# 520
# 170
# 239
# 100
# 280
# 409
# 748
# 34
# 14
# 492
# 51
# 918
# 422
# 77
# 258
# 86
# 88
# 828
# 70
# 132
# 111
# 103
# 42
# 170
# 488
# 758
# 373
# 375
# 894
# 494
# 21
# 825
# 553
# 794
# 464
# 14
# 16
# 289
# 493
# 16
# 136
# 115
# 55
# 363
# 167
# 362
# 259
# 144
# 20
# 414
# 597
# 273
# 510
# 649
# 183
# 117
# 124
# 373
# 4
# 340
# 273
# 73
# 55
# 378
# 267
# 500
# 696
# 115
# 466
# 66
# 144
# 99
# 595
# 217
# 836
# 199
# 710
# 165
# 123
# 414
# 377
# 7
# 386
# 568
# 305
# 896
# 449
# 281
# 472
# 575
# 313
# 61
# 615
# 38
# 276
# 45
# 253
# 75
# 696
# 88
# 150
# 36
# 468
# 400
# 180
# 50
# 935
# 280
# 169
# 469
# 745
# 484
# 361
# 156
# 113
# 306
# 2
# 381
# 25
# 104
# 304
# 25
# 7
# 657
# 6
# 84
# 315
# 2
# 163
# 404
# 140
# 303
# 16
# 55
# 151
# 94
# 440
# 190
# 40
# 387
# 766
# 101
# 884
# 258
# 51
# 45
# 184
